100
0 9949 2436 8742 9624 4740 8619 7884 8414 8263 2787 4764 6759 5409 9813 9934 4733 6858 902 3644 8191 6203 3548 9487 6451 1826 4670 8984 5498 4205 2996 3881 6722 774 9909 6898 1657 1022 183 3524 7928 6731 9448 7338 7740 9046 8321 8140 3167 1435 9467 3431 5796 9148 4245 1714 8662 922 2671 7622 299 8122 211 8044 8545 9026 7746 4909 1419 3366 501 4701 6919 520 1138 8719 8499 5403 2078 2347 4563 6031 9271 3847 6448 5742 1590 4646 821 2821 6299
1 8345 4263 3956 463 7861 9492 9645 6503 4881 622 4368 6280 1163 9825 2896 2605 55 6190 785 627 6869 9104 2131 1510 1564 8811 8300 6069 5593 8373 3260 8084 2789 3812 7462 829 2566 2708 4831 2161 7001 4107 7553 4992 5348 8238 4324 906 7387 8273 4034 700 4150 3914 916 8126 1593 6579 2325 6165 3128 4487 835 1767 8473 9269 3760 5069 6999 3180 4919 6112 9828 4810 8953 7988 7909 9115 8649 6640 4920 1511 4571 68 9515 9939 7425 7352 2053 1093 2220 2256 3599 8767 7532
2 9860 2682 8130 3277 8394 4999 680 9288 1453 7959 2628 9757 1570 8932 2451 5419 8987 619 3895 9709 9080 8217 4377 2025 1327 9620 9774 6359 6313 6916 1077 7012 992 3472 6092 8491 9060 9802 9679 8431 8875 7336 1220 8507 6111 512 8730 7840 877 6319 5109 9923 43 453 401 3697 428 5673 2799 3757 8762 161 6037 2097 9931 3872 9941 5297 840 7968 5674 559 7115 2236 2406 7716 78 1182 3865 4254 6105 8093 3148 9851 4863 7131 6501 3828 1043 6106 6097 1173 9546 2871 5642 9211 9314 4789 3196 1472 3151 969
3 3006 1562 2872 1341 4804 4224 3433 4182 5753 6622 5247 4775 9219 7271 5459 4396 242 4125 4724 9661 4935 2713 598 8968 3774 4428 9032 9760 1761 1872 2028 4262 3144 9354 1090 8497 1670 4296 1646 1454 2847 4219 3336 148 1252 3089 2520 8772 9081 3147 1168 5595 9260 2333 1634 8072 522 7741 8418 6268 9829 6686 9145 3575 9223 6652 5339 3201 4001 6689 9644 4579 4565 3442 4964 8571 564 4745 1352 989 5167 3729 4212 4578 8279 1924 8850 5725 9958 8929 3384 9504 458 6787 2186 8645 8199 4765 5208 2309 4490 6364
4 7495 1473 1300 7747 7073 5590 3830 2560 9577 9675 7337 9078 5027 6657 7628 14 6411 767 5078 2553 2559 5283 6518 9326 2738 744 6517 5052 8922 9972 6567 6470 9179 5157 2924 896 9191 2610 9715 6836 5453 9604 7494 5772 3829 4979 1088 545 6763 9938 5230 8437 3792 8956 2958 6304 9470 3314 7962 706 4673 9968 2677 4463 4506 8060 946 3623 1536 2676 7064 4460 1339 5630 4988 3616 2601 2416 3637 3261 8557 5746 9003 9690 6703 8611 5562 4946 4144 6215 1932 8358 7423 8017 4437 713 3922 6691 7669
5 2937 3059 116 1495 4769 5170 4332 4705 2038 8378 2536 8885 9322 4201 5226 4400 9806 5215 561 6236 297 3083 2197 7413 2202 1392 2639 5357 645 7318 7116 5990 3316 6158 3446 6107 9762 1723 2027 3052 334 7016 4523 4352 6423 8700 6091 656 8608 8296 1449 3627 2764 4318 6943 7029 2511 2343 6781 3549 2166 5281 3008 982 7597 4266 5631 5897 6479 923 6865 4124 8030 1489 5698 9077 6701 2623 6093 931 5225 6810 5431 3344 4083 857 726 7896 3471 2573 5802 7523 4601 4032 8520
6 2806 3520 7032 6526 1120 3631 7813 8325 9426 5761 5703 1195 5833 6623 9549 7472 5664 2970 8482 416 5093 2175 8972 8672 1744 5988 9129 2688 1758 548 3834 7204 8255 6144 1068 293 9158 1674 3321 1320 9833 4957 241 2142 1457 3327 1058 5514 6872 823 2286 2226 7151 3007 73 6523 7596 5193 8430 1906 4477 793 1979 968 4277 2855 8010 7592 3612 7795 2614 2273 2230 3777 36 5416 4875 7921 3330 7819 358 2283 5901 2719 5983 5689 3568 9585 6773 568 256 310 3843 4180 8674 8588 3732 5068 6643 2590 2046 5812 1808 3374
7 8024 5620 7815 3607 3379 5938 6807 7368 6487 2525 2641 6331 3500 6707 8270 3100 4777 6135 4128 9520 5043 4890 6584 263 8496 2478 6347 6102 34 4087 9916 3371 4953 2597 7984 1015 7845 7953 6039 8147 8977 3771 4018 2843 1178 1695 2184 4330 7789 5830 281 2679 412 692 5803 962 7376 6832 3356 402 4618 9216 9831 9425 6140 8502 9559 651 2655 173 9505 6428 3065 9782 3051 9790 5526 3480 9609 6373 1856 6739 7493 4278 2212 3457 3443 8559 7428 4501 6337 2150 4247 2508 3223 7627 5804 2136 8392 1927 5415 323 5544 2178 5070 858 7106 156 210 5146 9068
8 6955 8532 9928 8880 9894 3385 7253 2401 8344 6444 3039 2443 6471 2338 1858 9600 7739 8175 4370 4959 5465 5107 6255 2014 7496 5488 97 8980 5451 4398 7501 3671 5082 4071 8 5618 2805 4405 96 5484 4735 1084 6178 4160 341 8585 6895 1205 9252 1854 7935 2214 4080 2429 977 8960 7207 8064 2138 856 9907 2066 668 4386 7463 9027 9751 1704 6857 7811 8472 6342 2917 8900 2771 2213 1086 9845 4483 6008 9108 6370 9039 6879 2862 4521 6678 143 5214 3483 4143 2669 712 6709 492 7424 3408 374 5924 9266 578 4954 6778 6924 4866 507 3393 1545 4174 1645 2337
9 9554 2417 9446 5617 6124 1151 1052 9824 7910 2154 2119 3176 9437 6855 4139 6014 839 4420 7965 5496 5883 8781 6467 3484 72 3340 9548 1091 7042 6149 6951 846 1063 394 4 3426 7477 6006 4358 3796 5588 7348 6372 3868 5175 7993 1745 7920 2361 4515 6927 8375 9376 301 5893 2033 1546 4264 1806 3235 9139 574 3161 787 1089 6394 5965 6109 3845 2788 2528 1805 7011 4037 8099 5800 7006 5346 3102 3908 4172 8967 8043 2723 7248 6700 6245 3993 1286 2768 8710 91 7557 8765 3770 6176 1628 3853 4781 9050
10 8769 291 964 2448 2554 8698 1829 9494 9897 5045 2513 4922 1889 6242 4837 9787 5783 7511 5918 6813 5037 5844 8726 4631 9248 723 720 1047 4627 9241 2249 7541 2091 7931 1677 8920 2604 6789 579 9659 7821 2526 5658 9097 6630 7946 6434 6016 9440 3155 3152 7489 3566 6618 7374 8513 615 3281 9392 8061 1985 2521 8303 780 7590 4542 4531 6297 8799 8153 599 4978 7365 5687 44 831 2967 6295 6025 9842 8959 6820 3807 3414 3202 8694 6327 8294 3461 4355 3448 8189 5925 5293 1321 7312 9886
11 9459 6160 9766 1410 2598 2740 6402 2483 4907 3185 8748 6256 8818 340 897 766 9400 1306 7735 9722 6408 2645 8297 1008 665 6557 914 4423 8448 8178 2630 267 2620 4839 7020 1070 6311 3513 6735 8615 5533 2795 7569 9733 4380 3501 612 8486 7609 8112 7192 4637 617 9529 6664 7717 8510 1821 2659 2475 9200 6508 130 435 9287 4466 6505 9173 8584 3882 6258 3739 4596 3355 3209 5646 5696 4442 2352 2048 4429 1851 1694 464 9021 7095 4292 893 154 2648 5292 4070 6209 3367 9770 5692 7293 3949 7567 535
12 4566 6835 558 5550 6575 7037 8752 7379 2155 5721 7593 8874 5437 6822 2857 1602 6856 6742 8214 3238 5837 4732 7076 3915 5406 9955 2976 5423 244 6779 2888 6275 1922 1354 6743 5661 296 8088 6272 2704 8383 7809 8508 9113 5256 9321 2817 537 46 7566 1678 7832 6990 4932 4175 1951 9664 4642 6410 8281 4568 3301 5870 5763 5154 1051 100 2397 3656 7803 710 6945 3237 3394 9570 5594 2524 8179 7350 3470 5784 4327 5101 2673 4484 4977 5849 9875 3972 3333 3257 3219 1407
13 6913 9665 6362 1635 4583 2858 2254 7210 8409 2080 6797 3289 3702 25 6296 5377 3192 6339 812 5732 633 272 6398 2018 423 6406 6844 7141 8046 7125 276 1958 1708 1316 5537 738 2747 4602 5907 3348 5308 8395 871 8948 3119 6335 2861 4112 4883 8132 8544 7658 6237 1537 6549 7138 8372 2271 4652 5065 3977 1816 9890 3057 9382 5624 557 1219 494 7436 4179 9244 8115 6119 5940 8829 8456 4607 3921 1870 691 155 1611 516 1363 9295 1625 8216 6128 8668 1617 1517 4594 6651 7602 5235 8304 2462 1552 547 1044 940 3195 9066 4693 6969 3992 8451 2 6897
14 7190 1741 743 6852 5487 9387 7193 8570 261 8005 695 413 2547 7230 8542 8947 2979 3378 2632 5872 4242 6086 2653 8331 4784 6993 5084 5325 2302 6548 1727 4822 1221 3667 2205 6529 9461 2983 2779 9088 5793 4081 6987 5024 7458 4357 9278 7459 4557 5223 4142 7730 6877 6241 6401 5684 4031 262 6721 4516 7266 7388 9175 5528 2516 1891 257 7370 8986 3061 5398 7053 8423 8503 3689 7412 4853 6632 4022 5982 397 6973 2818 6094 3032 292 6809 2170 1142 4079 4383 7112 1863 3577 8599 1129 8691 5911 8474 4504 5237 3679 8638 6197 7914
15 9994 1251 426 369 7295 3249 8066 8083 6946 193 4662 2026 9598 5304 6894 1156 7448 3036 1784 8572 784 5679 357 3310 3985 115 2537 9511 1322 2844 7923 874 2245 6247 9671 1600 7097 4499 4927 1882 5372 2318 2074 16 9313 5056 8475 3924 7619 3813 10 1347 2574 7161 4310 6257 5766 7175 3005 8816 5832 6028 6026 3022 3514 3873 8982 8442 3307 7574 1936 7096 186 6204 8262 1176 1046 8400 6931 5456 4640 4408 1797 4354 6084 1901 5850 3780 9686 8654 2587 2570 4421 3542 3911 5962 4457 1990 7024 479 3962 6179 2129 2285 2104
16 4952 2468 260 9299 757 2665 9017 4165 9428 1964 869 3458 7322 4399 1643 8512 5 8266 3292 1144 6152 7243 1550 4461 2223 4367 8671 1999 4391 8447 7256 1225 859 8898 5188 1793 5568 6960 1725 5976 1467 7377 1801 8574 9391 5274 2399 6522 294 2400 1722 2089 7405 6908 7445 3487 8854 6198 1409 6627 1169 2227 596 9380 7527 7818 3107 6005 4345 1807 9974 111 6455 5600 4786 2693 7851 2607 7616 4005 4243 2022 8780 8876 5083 9950 4454 4685 138 7499 6615
17 3227 9534 7228 6923 8188 327 3058 9367 2993 3603 3578 8241 9542 1456 9911 344 83 8201 7420 7901 7761 6764 4045 289 7094 9479 776 2324 3066 346 333 6020 2828 9157 3267 8753 981 718 3004 230 2927 6997 471 4200 8989 1923 6386 9242 609 9116 8763 1929 3253 180 5102 3082 4569 7612 8594 9870 5887 5310 9669 237 5779 7563 4313 1074 5920 6121 6244 5420 3611 7687 2663 3696 4840 9857 6552 2304 409 1023 4258 825 1260 23 3079 597 7629 2742 6216 7691 7327 7692 9310 4801 8206 4118 2945 9010 725 7354 3438
18 7881 3995 2116 2985 4193 4113 7303 6478 4344 9960 1254 3372 6371 2638 1921 7347 6278 6346 9730 1791 9261 3023 1850 795 1209 7181 4241 9231 9687 7426 3054 2408 9814 4585 2196 6321 3361 6958 4058 9723 9035 6782 1752 8506 3427 8625 9749 4605 4517 4616 1849 5877 5828 258 6171 4940 9455 7301 6023 8433 4849 2322 5164 4006 3078 5387 9801 659 7168 604 8975 6172 1271 610 9499 1563 9657 6263 6581 1539 728 2310 3123 2910 6159 2233 2102 4865 7332 6937 5483 4360 2423 9562 298 1371 1281 1377 8324 3897 7535 4274 1900
19 4667 2134 328 1413 6283 2809 5805 1431 7129 3358 8981 1338 1738 2376 9921 4852 1825 9632 7289 2017 5407 6774 1062 1794 9476 5061 7956 8838 331 7435 7530 5708 6796 2159 2355 4430 3476 5596 7237 6666 1307 4654 3744 6812 4554 2941 330 221 476 7737 9114 6355 3825 42 9899 5613 3763 7309 1465 7578 1865 2353 5603 1785 8142 2589 1754 2169 5705 5735 3254 1488 3118 8723 1945 2421 573 9246 8290 5765 8628 3855 753 6694 3536 3153 3213 4916 3481 1048 2385 5968 8703 3641 4711 1765
20 7060 853 9297 8940 3803 6196 243 5445 2992 2947 3589 3204 2488 499 4608 5085 7023 9305 8820 8426 9256 1080 8260 5659 5502 6389 2010 9541 9662 1471 9630 5903 7932 3910 1035 8835 6798 8169 9670 1737 329 2829 6616 7121 8133 526 9323 4526 9578 2354 8815 3410 7355 782 1898 1588 7866 40 3236 3252 1196 4462 3221 1379 6414 6322 3748 6638 2961 7310 1295 3878 987 4913 6907 6175 3328 5373 3619 6186 9067 4660 5948 1057 8487 9744 1158 6573 7082 2173 1346 3649 2121 3226 5025 3636 935 2040 2364 5853 6050 5681 9699 926 2813 6862
21 6220 9196 1700 9034 9228 3133 891 7610 8229 936 5280 6345 1187 9290 5810 7822 6816 5573 6785 9189 5021 6399 8725 1025 7390 8233 6230 6911 410 7773 7182 1364 9863 2654 2106 8841 316 5211 6180 4945 7339 6593 575 3313 7278 5607 4465 7703 2430 2115 975 7507 6103 4966 666 6922 2921 9519 6614 1603 3399 1529 1579 6886 490 8326 4513 7294 1770 6157 7630 443 5974 3978 4518 7197 4369 1265 9403 7086 8055 6882 5835 1998 3130 8289 1583 1180 8492 8342 1883 2954 8501 9184 7930 3282 6658
22 271 1664 9920 2715 4237 6000 5116 2253 8665 3262 437 6564 2229 166 9262 9475 2757 8478 1523 3182 1297 8911 468 4661 2403 2326 3939 8468 3094 7765 6273 8366 3600 980 4092 3255 8416 2054 6361 360 7817 8998 1194 5074 8529 6351 9439 1559 8712 2909 550 898 6534 2562 8360 208 9952 1946 4758 3244 4908 1680 1640 7163 657 481 1598 7154 9953 7659 7540 4040 3654 9869 9404 27 6329 7072 5002 2388 8576 3650 5427 7834 6162 6961 124 2625 1601 2434 5868 4231 826 8788 8847
23 9550 7652 6818 5433 1468 3556 8253 1959 4035 2908 5959 6336 8862 810 3563 6468 1591 8924 8146 8993 5654 7453 2500 5294 1224 7514 6746 1067 1896 6559 3731 1171 3859 9495 6457 6388 6553 2785 745 4448 3889 2157 1543 9312 4930 5269 9424 370 781 3848 8107 6920 2611 9258 9823 690 3800 3806 9964 373 2556 563 2933 6771 5569 6024 6747 1349 6042 3455 5581 4560 48 8286 2409 5115 9264 1707 5486 5212 7561 4489 5158 6440 7855 4714 2879 7957 8000 921 8390 8377 1641 1188 5467 1000 5404 777 9254 958 2294 6979 4445
24 1693 1460 843 8997 3581 7320 7486 957 6949 7872 6375 1153 3681 924 1577 6878 6191 5711 8766 9976 7704 5031 3935 2661 2754 8676 2012 4050 5471 5180 3783 3445 4760 9710 19 6114 4491 937 7300 9807 3053 8537 623 791 5586 8019 8595 1692 7504 7903 836 384 7894 2920 6365 9683 5914 7781 8335 2646 1085 9649 51 2572 4818 4858 1553 5786 3826 8202 2152 1496 5460 4684 8002 396 9785 1587 1280 3762 3491 3049 4677 5536 5682 3181 8739 4891 7090 9858 2889 9016 6095 7769
25 1359 8362 4206 8974 1217 8323 2062 7976 9450 8856 5577 993 7046 9394 3874 399 7525 9942 8697 7641 5915 8016 5571 9202 3724 2922 7380 9052 7034 7904 1278 8495 641 1246 4532 9364 6441 5342 307 1311 1823 9652 3325 2404 8067 4721 970 6930 4158 8950 8888 1717 123 5388 53 838 699 2470 6563 626 1097 8012 7212 2711 5103 3297 1284 8421 8168 7438 1335 5203 4544 9086 6905 9051 2392 9485 9509 950 8011 804 3114 2181 3970 4130 5755 8612 3693 1953 4209 3817 8550 284 8942 8663 1721 865 9082 8208 6314 9769 7695 4133 3337 5015 8552 4756
26 9331 5012 2822 8844 6310 295 0 6760 3454 5399 2807 8919 7701 107 3706 6369 5584 5854 809 863 505 2515 985 7227 4793 8388 9711 7768 2051 3353 489 4111 7814 2532 1668 7005 5860 5450 1411 8737 3444 9800 3164 5057 9420 9226 7360 2812 4239 4406 698 7084 658 3894 4334 4778 8675 2763 4783 5723 9595 207 8454 8172 8823 4215 1624 549 3113 6624 5023 2864 7549 3016 7925 5121 1980 5405 1433 6366 2191 8145 4704 7977 1328 3720 1289 872 2487 7391 801 2869 2728 867 3496 4385
27 679 8515 4757 1907 8666 4038 6219 7760 7244 9528 3084 6439 3606 5738 1531 9839 9498 5327 7120 9513 8408 8891 959 3773 6900 5539 7562 1897 5463 4995 6921 5836 4970 9853 5305 4210 1380 8695 7427 9291 8434 4877 8563 5572 6261 8560 5685 3588 3946 7948 7577 1683 808 3643 6150 4088 1578 7158 9306 881 7267 9273 3420 553 2672 7800 67 8082 1140 3345 5996 1082 7000 4904 6318 4671 5516 8080 8590 8597 9419 1358 270 4590 4302 5382 8222 1024 8928 6996 6118 5053 74 4361 8702 6507 4029 2642 8731 7799 7827 1398 1549 7808 5808 1494 4847
28 4353 3239 6775 2266 5264 6583 7772 5434 2815 6569 6992 4976 886 1638 110 32 8566 7234 3776 9603 3475 9491 8449 9451 2885 2412 7871 9218 1102 355 8485 6715 8152 8864 3074 1960 3634 5633 7887 7536 6521 9167 493 3415 527 3467 3605 6662 3116 2108 5995 6592 4198 313 5757 2498 4259 9717 2971 1112 7748 1450 8139 5851 4276 6582 421 2519 8575 2179 7614 6808 9988 9780 3198 3836 3112 9132 925 7239 1748 1810 314 3926 7576 4962 8546 1243 7065 6989 5939
29 87 5751 1382 4882 3564 8420 7686 1857 5197 2357 1524 8686 8333 1438 6892 7488 3368 4146 8037 3582 998 3220 8098 978 6188 5435 7841 1330 5997 9640 7601 1276 7565 8455 359 6712 637 3191 4078 7633 1137 7172 2932 5821 3932 7490 3620 2049 9220 4025 388 4584 9112 965 2841 5046 1623 6802 4389 1383 1795 1862 3852 2903 176 3412 5985 6079 3898 4785 1004 4748 1759 4791 4356 8091 5695 8794 145 4325 7398 9880 445 4145 171 4084 4366 4335 7793 2101 6460 5246 8728 7545 2244 3218 2892 7242
30 5908 8591 3132 705 4390 9583 841 3111 9647 1302 76 376 3768 9285 8733 2210 9421 9069 9277 973 6910 1540 1847 9602 8656 716 531 4986 879 5512 47 5955 3875 9062 3011 5447 1913 9356 1974 3557 3251 9325 9557 8609 1987 2966 9985 8443 9106 2514 5139 6690 9913 866 6488 7548 4788 5030 5017 5609 1899 1114 1417 6851 8961 4432 3716 8899 9735 2906 8983 2260 9764 5278 9746 2340 2278 8784 883 6599 8385 7645 5656 3499 3045 9311 3864 4181 1055 4337 8237 5905 2583 5196 8641 11 7579 2061 8429 9127
31 9705 7093 5329 5728 9503 6240 7908 1128 7642 3265 3464 1430 628 5366 393 7409 3672 7684 9406 6260 1264 9214 3098 2268 4575 5384 8639 9210 9667 8018 9355 5652 9075 6227 8317 7119 2156 3090 4510 6613 2153 2272 8041 354 5441 7980 806 5867 9445 9738 4311 8230 4767 7986 4459 5165 9695 9848 7985 5977 5547 1403 7683 5402 7071 9333 3892 4419 1824 6805 1329 4968 7008 4604 6046 7004 4655 8678 3840 8652 3877 8337 9739 5636 3451 4884 9028 8910 2407 7897 7114 6520 6013 1610 7807 736
32 8077 9330 9207 912 5503 9957 1078 7264 3258 4520 1423 3349 7196 6525 4372 539 1305 2369 3179 3888 9965 5671 3197 6495 7469 7498 2737 140 4972 4166 1397 7145 7061 2565 6167 7620 778 1031 696 3583 5252 3590 9568 6609 5014 1774 8170 1326 3435 6064 9639 6692 673 773 4204 3247 8586 9978 6646 5213 2165 3150 9877 7775 3933 5429 9575 7623 4346 9754 4054 7547 1492 2045 4864 8316 3304 5319 1799 3539 6580 7755 7945 771 9843 6007 5455 2594 9516 6854
33 266 4117 2898 3172 2187 4808 8207 4967 1879 5034 4140 4424 5778 9545 4936 1207 1804 8352 7764 5365 9388 7036 9213 8338 5160 7451 4435 220 1685 9030 425 2503 8493 6472 391 387 6266 2402 1211 3690 3423 6676 6840 6421 6975 3593 7362 2193 1769 5375 9701 5368 7431 6294 4046 8704 3705 504 7206 4388 9613 5782 2308 1658 6354 9289 5284 3842 4871 7689 2387 6059 5712 7419 5734 9357 6083 8330 4550 439 1838 9543 7516 862 708 50 995 2902 380 860 5359 7899 6723 3613 7079 8198 5026
34 4823 4824 9977 3550 9876 4530 1381 3639 6556 7296 1197 5984 7933 3178 4114 2087 4529 6416 3462 9101 1331 1493 190 3927 2775 3000 7166 6032 149 3758 6786 1126 2438 4610 6964 933 8127 6352 4238 9773 6100 1301 876 5079 3402 5839 3460 6381 7967 9121 3489 6068 8798 30 6101 6004 6902 2467 2686 9263 2652 8118 1285 7432 6010 5971 5884 3999 9816 6169 7875 4749 6804 5446 5153 2396 6182 4723 6677 2802 4431 6098 9338 5524 8471 7518 8872 4427 3552 5665 4120 5649 4736 7714 4987 4026 8582 6075 7268 779 5414 8904 7416 3522 6133 1554 758 9431
35 2052 9847 5937 4727 7992 2897 4898 3469 1589 5949 8693 1718 4622 8450 3272 4706 6281 7403 1365 6986 6639 9002 5944 1249 213 4249 1782 1955 7831 850 2180 1099 3528 254 214 8973 3205 1309 7792 8226 9293 5736 9714 8962 6170 9788 1390 5668 9334 9912 54 7979 8458 8843 817 3831 6660 9036 1041 3110 1817 9395 7937 6442 2384 3665 1170 408 3380 3573 5627 3160 6968 1146 1075 170 3354 6292 6667 2982 8359 321 4288 1258 7015 5865 205 1616 7349 9015 1402 9927 7973 9576 2539 4036 7710 6287 1710 9932
36 4003 9691 9795 1032 5118 5921 1152 2107 9794 2300 3075 1001 7174 7074 2616 2595 1304 930 8607 4755 33 2582 1581 1852 9007 1064 2360 1505 368 311 4796 3350 8094 5912 5150 6155 4295 6385 238 1181 8711 2105 9596 6125 8684 3657 9370 5993 3638 5644 5750 81 9302 2270 803 9332 4147 9884 6620 6984 6846 4593 555 7712 3315 3782 4626 4535 9553 2895 5490 2904 1334 7534 137 8897 3429 9625 7007 7186 9238 6749 432 9561 7519 5555 7272 2079 3362 960 8720 9383 2133 5461 8174 6967 2950 733
37 372 6481 2031 2745 9449 9327 6669 6315 5390 3019 1941 1667 182 7314 7836 1118 9048 9841 63 1605 9864 7784 5841 6819 5880 7660 714 2059 7994 247 7328 5856 833 2365 9117 552 3495 4709 2047 2262 4624 677 2350 85 1135 6981 9464 8792 5454 2599 7594 2118 4980 7017 6285 1888 7677 6693 9563 2011 6829 7201 6745 5227 7837 848 7009 9627 6477 7342 1930 9791 816 3893 1995 6380 7054 4447 5522 8192 5148 9900 6437 424 319 7895 1436 1315 941 5764 1639 2492 9316 7466 607 788 1652 2454 4379 8039 3691 7144 288 5140 5701
38 6344 6349 5128 4876 6393 6788 9136 6147 9185 8905 1287 3503 7718 8945 3809 4943 9755 4556 7727 392 818 59 9628 2239 1859 3200 1912 8396 2712 8833 2916 6187 9128 5089 2901 4220 4343 2426 7051 7288 5110 3728 3635 5954 5073 4901 4923 290 8939 28 5580 389 5130 674 2905 4802 8944 4872 6985 1919 1796 6142 3171 4189 8861 7456 5700 1582 7317 3745 6971 4747 1391 9140 3229 3342 8438 1608 4651 5328 9804 7570 2288 4141 3256 5819 7853 4279 8391 3929 2225 1566 118 8467 1886 2086 253 7559 7537
39 9008 5813 1672 9188 3234 9867 5848 5814 8020 4770 7297 6825 8871 1002 6200 4675 5809 75 3951 6777 1257 1730 5413 9893 1653 6356 6353 8476 1618 7556 6821 3827 7961 8661 2356 2489 7170 3560 9653 9018 4539 3081 7107 2600 7843 2856 195 6706 3991 4599 6663 7681 3428 9309 8243 864 4538 7467 1908 5092 3512 3938 3222 8853 5475 6367 265 1314 5392 4827 6131 6645 8855 2561 3797 7916 6577 9566 9178 3752 703 7045 390 6384 7635 2381 232 9946 6947 4807 7041 6317 5163 4811 4621 2541 6228
40 2295 2512 5951 6234 3183 8605 8184 7177 8822 6883 3388 2798 2502 9973 5565 2837 4269 4055 8713 2552 8425 9151 4899 9320 3168 4623 5540 3391 3561 9292 8275 7625 7638 3095 335 2464 8776 7605 35 6668 6512 9360 7515 6497 3122 3587 6519 4910 8912 2731 3017 5318 7885 56 6661 4973 8857 6081 887 2290 6510 1786 2301 8027 3041 2782 4528 786 4014 3194 6390 1298 8477 2608 5241 9038 5430 5906 9734 7787 3844 8346 2147 951 1895 3115 8404 9282 2476 1613 9776 8889 653 8234 3640
41 5518 7882 4341 8601 4186 419 1789 5481 6732 9820 7251 9478 184 6547 3742 8879 6635 994 144 1294 5182 7261 8250 9154 3044 5059 3416 815 1162 3013 280 218 4319 2279 8976 7291 5706 5222 4534 8561 9165 2395 5707 7572 1673 6939 6312 2991 7430 3711 349 1386 6301 1751 7611 2999 1519 5781 8914 4928 8073 8328 4725 9169 4638 2703 5350 215 2685 7233 6229 9556 1843 1479 460 3073 4394 2497 3700 7164 3389 9571 3753 6696 496 4137 6298 9945 544 2722 4974 5969 8009 9353 3351 8757 7533 2307 440 8637 3648 8845 750
42 4657 2969 2255 8893 8796 6504 480 605 6906 7022 4751 1884 3737 201 600 8113 177 4683 4710 6736 7087 2132 2149 6235 2204 5862 9924 3719 2232 4294 1669 113 4328 7744 5583 9944 6641 5001 7313 1416 4052 252 5168 7238 4094 8814 4331 7103 3270 1161 5972 7049 2446 7870 6341 4000 1957 3936 7260 6413 7408 6474 8047 2291 4500 7397 7757 3286 5493 8129 742 2988 3545 8003 5737 2077 1366 7222 7019 2987 8785 6425 7647 8480 8125 4905 8086 929 7676 90 4338 127 4154 7219 3751 2289 4773 5010 9160 7273 287 4392 4545 2269 2092 9856
43 8089 2578 1893 200 6194 4527 8717 9759 8364 4192 2491 7437 1516 4488 3275 3010 904 636 9930 2298 9243 8402 7842 4649 5038 4468 6483 347 6061 8839 6568 3967 5142 4893 1011 971 5557 1915 6974 6963 1649 3035 2363 1234 484 1939 9767 9852 7444 5137 3230 7674 1526 1399 7418 8868 356 8936 2194 8370 8090 4581 9438 8128 3245 4178 199 4064 4606 9906 8292 3293 1873 371 2109 6404 9998 9980 3076 7880 3869 5081 2986 2243 5913 9812 5811 9041 1130 1775 3661 2120 6848 2312 79 7225 8958 9122 4109 5369 4728 3823
44 4645 191 2246 6289 1107 4023 3396 6022 6755 5354 1597 3033 5561 1259 3718 3047 9107 9706 834 1279 8389 1688 6145 9458 5529 6998 9506 8123 7912 9850 4688 629 6904 4615 9798 3569 8708 4524 6426 2603 1263 9468 1103 3658 3833 8913 1059 1819 4164 2865 5829 8610 1134 8735 5105 12 7640 8053 8252 2793 165 348 8411 8526 6206 732 3818 5265 8577 9481 5494 3290 1561 269 524 2016 7879 1967 6492 4686 2358 571 1931 7911 6286 4993 8180 4722 274 2177 106 7140 4508 5563 4586 2023 3871 721 2997 4387 2842 98 3579 4290 4835
45 9365 2479 639 9379 3401 2482 7283 4308 5371 7849 2555 6494 249 5240 7415 320 7081 1555 8269 7269 5020 4759 8261 2874 5202 618 9239 5495 1867 9141 7915 4653 4787 4841 1522 9162 4826 8376 8173 1620 7285 9862 606 6284 2058 4076 4817 6018 4533 6994 5106 4280 1183 4792 9072 8683 1333 5298 6670 1248 8842 1868 6587 8432 5857 5289 5263 4567 9143 9697 888 21 9454 2377 2617 7966 8164 2264 9922 5152 5640 1214 4994 38 8734 4039 8318 9636 9025 4690 3411 2247 3968 2734 9966 7150 554 4934 7276
46 6259 6980 108 5466 352 8156 8410 4559 3511 3778 1021 5894 1874 7306 3963 9137 4176 5306 2110 9019 7777 2146 9111 4912 5520 2494 7913 9471 2088 5634 5205 3594 3440 8682 8103 9826 9414 9 1242 7152 7454 6977 5195 7216 6588 2251 3687 8787 5249 1861 406 4668 671 2702 7950 6728 9286 31 8272 740 4382 7978 6054 7838 5992 868 7446 6590 2755 4857 3364 934 686 1244 5553 3554 9462 4903 1342 2542 5120 6274 5233 3064 2794 1880 7421 7893 192 567 498 1269 3173 1542 4798 2389 2773
47 229 7883 3531 9443 1729 8081 8406 6493 797 1963 8933 6684 6368 5625 7733 7180 1172 3406 7551 2770 1997 1811 6554 6768 8613 4211 3676 5066 4072 7157 2732 2928 4768 8870 5458 3786 5176 894 3686 282 4236 163 7517 2143 6811 2718 7058 1949 4289 9771 1470 9135 2198 9130 1426 9704 1332 2125 5767 3618 5605 4476 2836 5190 682 6952 4197 2674 6269 1604 9579 2172 5389 3856 4772 6928 2698 8946 7670 9131 7098 9623 3989 6076 5688 9474 5878 8258 7003 8427 5843 3203 7104 6995 3961 1480 6035 4127 7906 2013 1106
48 4301 9259 8943 4184 2786 511 9865 5174 3137 4471 4697 6407 9586 1155 3498 6956 3743 7653 6224 8254 2848 7850 5162 5064 219 8600 1706 7722 433 5112 1565 6491 1584 2577 5683 9225 9581 7649 8038 8618 8633 5396 5006 5651 5601 4260 3259 9753 2042 4717 789 2753 2477 5943 6925 6161 2041 6948 5062 202 2550 4196 1262 2944 8163 5575 8578 3030 1039 4479 749 497 2681 2939 8651 7195 8165 3320 6983 4449 45 7503 7235 2000 6600 2846 8643 2683 7705 6078 3920 5161 6695 2317 1630 8307 768 2962 762 4742 3725 8642 6306
49 8969 469 1701 5331 2912 8092 5255 8667 7929 3630 6527 5847 6543 1343 4020 8580 1378 6881 158 4187 3375 4047 949 675 3923 6601 6560 5845 5063 2733 8567 9727 4949 3704 3159 1317 667 4519 8348 8807 4695 4446 2636 1660 9227 6461 9688 4162 1518 8523 2657 7156 5051 449 216 5637 676 4634 3674 6682 178 5094 4227 9393 4216 1813 8158 2832 9358 7890 8764 1902 8001 8564 7538 8283 2441 467 7274 1503 6941 1444 8511 7754 9748 915 601 8779 885 3403 7886 643 8167 3863 9969 3242 6250 9435 233 3622 5726 2160
50 8534 3925 6814 4030 1892 8689 7856 9181 3811 2741 9999 9408 5480 2345 1527 7666 8268 3662 8274 9138 379 3456 6860 1947 4868 5117 1203 7922 7356 7902 2546 3169 8244 5374 4639 9099 6936 7167 5257 4612 3479 2228 2887 3146 185 7449 7484 209 6795 5344 9724 1139 8540 2099 7479 2208 2282 5497 9070 6589 9544 2435 6476 8105 4033 3645 1299 395 837 5136 6674 8117 8701 8851 2207 3477 9371 4002 3717 4103 7745 3507 1239 513 1445 5071 2687 7101 2777 5095 6151 2690 3784 224 7780 5067 518 4546 4537 6780
51 5425 8519 1199 3937 8865 1938 8349 5509 5680 9174 495 8075 7410 6048 688 7245 2907 556 635 6343 7465 4284 4687 9992 9975 6378 2258 4013 2918 6874 2313 6276 6766 8909 3798 8915 1943 2824 9270 4272 9317 6891 1455 8068 5826 7634 7546 66 5050 730 3124 3854 9861 89 9830 4226 1689 3651 5619 5075 7124 1841 8340 5504 188 7311 5899 7639 4595 3886 9335 483 5299 3867 8774 3584 7665 7345 8026 621 1014 2265 4514 8287 2158 6431 4019 6893 3117 3973 9407 8236 9997 1827 4304 655 4473 2953 7725 9156 9786 9308 470
52 1037 8029 41 6884 4719 3857 8616 6430 8966 3156 5421 9854 1437 5183 5916 1918 2021 3841 268 366 9752 1050 9954 8877 7615 4207 9092 1513 3683 62 9919 5895 1414 4293 1779 632 9694 9074 7728 3038 9981 9159 7048 3802 2989 5838 5080 6338 3392 7802 1034 9777 5747 4091 8793 1719 4015 1609 663 3525 8463 4708 3838 7194 15 3670 5207 5432 1976 5967 3312 4525 4342 5922 5114 9712 9986 1647 4929 9493 2327 2772 9389 4547 4862 4093 717 8751 2336 2188 3905 8210
53 9447 4669 3299 6 4425 4275 851 2706 8673 6445 8221 932 9497 2275 9187 8837 5468 4734 4098 6433 4024 3815 7434 478 9079 8494 2319 4153 4682 4502 4925 5250 4095 8435 9817 255 3727 5149 5379 4351 1150 1406 587 8579 2721 5815 9605 6659 7047 3138 6871 6363 1222 2469 4551 6072 1803 7934 6277 5036 95 259 1681 6792 2585 842 5258 9681 6047 3215 7136 9197 9381 2606 2866 2792 6174 8137 1361 9642 3042 2621 7464 9149 1787 1656 2124 9507 9531 5506 8917 4850 9763 5670 6326 8144 5614
54 8155 8205 474 2427 4270 5635 4549 1003 2373 6183 9412 6597 8313 9805 8185 7509 9530 1227 7706 9881 6400 7127 9319 6062 6680 3632 1812 6218 4329 6231 9591 4821 4131 1911 3543 4561 7584 236 7455 5155 8014 2474 5501 4553 3790 1132 2784 8462 8771 2224 3677 9147 8500 2189 3982 400 2234 6003 9085 8124 9731 6249 7969 9849 2281 6066 7500 3928 6427 761 5133 3436 4900 2471 9328 5099 9100 8176 794 8305 4053 9615 2068 187 385 3571 646 4075 2461 7359 7752 889 2075 4754 1223 2330 2410 7324 8858 9020 1345 3529 6110
55 2263 8022 6574 6718 939 8756 1739 669 4104 2811 4681 5777 5309 2321 6740 2522 9348 5143 4364 9527 4418 164 9268 6794 2484 3028 7290 4633 8821 9275 9377 5019 8840 362 7457 8256 9372 6531 5035 5181 8614 9761 6199 7963 2729 6332 5334 6784 8937 3553 9361 6238 1651 4774 1133 9182 620 5820 2756 3099 9423 6827 203 664 1904 7213 6070 4632 9324 2221 1056 7208 2825 8177 9629 2195 2276 1233 9071 6104 61 6089 7205 8186 8288 1109 1393 9212 6629 1013 7215 4315
56 9441 6049 5332 1736 8150 3466 7598 8670 8232 8312 1840 2044 2499 5859 9514 2267 3694 6210 2780 6009 7759 4069 4199 277 5953 3819 4043 5129 8065 7524 4085 6714 1200 9232 650 566 4475 342 1497 7050 9168 7117 6799 1469 927 7971 5616 7382 7585 1087 2826 4832 6604 3821 9702 8363 585 1240 8548 4008 2965 4317 8339 9895 4194 6405 7952 5936 4562 9725 1731 4856 7363 430 5041 1405 6134 9892 325 9611 7452 6837 2144 3002 517 6944 7241 1192 9547 2055 7366 7070 7137 8481 9378 7123
57 8866 3519 151 8461 3890 1743 8808 6729 2114 3494 702 3621 4700 3682 1049 80 1218 8087 1323 5485 2878 9484 4809 1385 2217 4229 9083 9247 6889 2413 8514 8015 343 4041 7591 7333 7346 5638 94 9059 1270 5554 2830 3400 4753 5662 2964 6239 5795 5699 1633 9638 901 1512 3452 17 6082 5950 2851 8441 4813 9983 5994 6221 6409 988 285 2548 2238 819 5801 9537 500 2535 9144 5846 6360 8963 1463 7758 4195 9329 9868 8365 638 1408 5715 3177 999 6611 4480 2083 2315 4647
58 4536 4679 8538 8412 9453 2544 3091 5713 947 135 8054 6932 6156 1232 77 2366 204 4991 7982 4689 7671 6847 6586 5127 88 1098 1637 9792 1459 1250 6465 625 3087 2328 3134 3206 6533 2868 8302 8806 5072 2891 4416 6438 4696 486 7632 8688 1928 5408 5902 9427 1009 245 5341 2344 3741 7202 8558 693 6617 9402 8220 1226 8951 798 521 590 7603 9040 1595 1191 9810 917 9601 2036 1909 4350 3072 852 2831 1661 8405 7255 8056 1202 2827 109 8419 65 9240 654 1318 2323 741 2297 4105 523
59 4741 9103 8249 1755 2615 7231 5444 377 3486 5206 6056 461 300 485 5210 6033 3106 4860 2465 3958 4948 997 2816 813 1742 7974 2140 8826 7252 4283 7214 1081 4763 9680 9821 2378 8393 231 9962 5900 2700 7863 1881 4956 2486 8863 8386 4543 1916 3070 7750 5151 514 2370 1666 5199 3965 3071 1476 4580 8760 9580 4592 1193 8749 827 9905 7607 2651 1709 6350 312 5288 404 9617 1961 855 4422 5552 2306 9551 1855 4836 7226 9280 6090 5476 8931 7731 648 3808 3858 8664 1732 3322 6138 1388
60 7698 1387 7723 4917 6610 1713 3125 5499 5869 1481 6392 5873 8110 4232 8265 4926 6649 2699 6466 4814 1762 1177 9708 1629 589 2425 972 5100 2444 4887 5464 3029 5436 4617 2349 4555 6912 7305 5301 5891 8166 9093 9656 4410 8224 157 7715 9283 6044 8267 162 8812 6051 4663 1216 4641 4348 477 7825 2447 7949 1890 8278 3608 2495 1606 3383 8827 6323 1101 783 4333 9610 4902 2274 5077 9925 3140 5909 9552 5910 3885 3037 3839 7460 7147 9300 9622 8786 3595 583 8824 9967 7543 6264 711 2145 1030 3516 6602 2292 3562 4766 5347 6726
61 7810 3295 5710 6744 4265 4401 4800 9728 4250 2588 3974 8952 8063 1878 7995 6737 7443 5861 569 1206 2746 8242 2814 353 6328 5874 8954 8341 7343 9838 4362 234 6057 9750 4233 7847 6537 8783 6302 1621 7263 6330 9094 4548 9463 3766 1679 3988 5156 120 8918 4716 9087 4074 5521 8108 1036 1396 2019 2981 1210 8941 9490 2460 3987 8553 7281 1844 5356 9385 1490 8134 5564 5942 2362 5393 7756 5647 6890 6530 3193 9871 1534 534 7924 6122 909 1236 1576 9023 119 1028 9573 4574 5697 69 7
62 2201 6446 8803 8101 986 3918 8965 1165 7262 1836 1428 8384 7471 4812 4414 104 6953 6541 3934 7159 4859 3346 9740 1574 694 1839 1351 5525 488 9879 8356 4715 2750 763 8828 3208 7475 473 6001 546 1734 1877 2241 9584 227 1442 2280 3596 805 448 3708 4433 3917 4963 168 1094 6725 9768 4299 6271 7568 7404 6040 5963 6711 7105 560 5999 2176 3759 6029 908 6644 6867 5579 6831 6303 9778 7702 1869 6935 4214 9720 1283 3986 8970 9588 4007 3240 2009 7085 429 1485 6397 2459 4256 3502 5285
63 1569 5111 1357 9255 7185 7941 7917 7122 3012 8527 7942 1778 3027 5361 1764 1313 8013 8653 727 5807 1 8603 8306 1136 1809 2664 126 7433 1768 1336 4698 3274 4503 2727 3765 9482 5351 9014 1800 4347 3360 709 2111 9926 2810 3506 9641 1108 7353 2957 1054 9765 4028 3754 974 1528 8778 5545 3902 1061 3283 2411 8797 3046 9155 6463 4848 2929 6506 525 8028 1092 9721 6208 8379 8293 5358 670 3735 1105 2420 8399 3810 6532 3646 1541 4564 820 1228 4629 2640 8809 1687 3359 6486 8759 4975 3120 6828 3955 502 8881
64 5108 9029 3509 7364 4090 9349 7473 2380 844 4173 4867 6516 8050 7558 1131 8539 8849 8374 2622 7726 5523 9917 8299 2643 6449 7118 1204 3964 3901 4089 9819 3158 7358 9279 4597 6753 9369 2668 5823 2299 3009 7888 7685 9517 6710 4648 4942 1991 2875 3861 3799 1434 7867 5125 2626 4246 2424 7958 7613 8401 7743 5300 5678 1466 9655 147 1125 9572 9384 6130 2237 2580 5892 8464 6634 6307 6225 551 8100 634 3730 153 1213 4322 7972 8634 2060 5338 800 4795 3300 7265 3381 2886
65 2925 9732 1983 2440 8271 8624 2946 4060 9346 6279 8677 4576 4659 7785 613 6870 5852 3517 7595 2609 5733 169 7806 7820 7402 2359 2206 6681 2449 6888 8690 6184 5270 5363 5261 2576 9756 4234 9091 1141 1033 7146 955 4464 18 6826 6462 8282 4168 8569 9257 2453 1920 3906 5790 4235 5543 8403 1360 3615 3954 847 4363 7656 8428 2720 8892 9840 7648 9726 4177 2776 1894 9373 2123 5825 9089 6699 99 3425 652 1917 2037 9747 3050 1966 5517 1802 4540 24 5243 6585 3747 1042 6702 6896 2463 1038 1189 7069 9366
66 9265 5343 4136 5556 1010 363 5824 3086 4497 9698 3726 8964 4636 1544 2168 1777 6868 4971 20 52 5013 4314 2190 9536 2579 3189 1648 9970 3186 4938 880 4854 1261 2803 9719 8620 8846 6117 6815 8353 4507 3950 9120 3769 5973 4218 1671 4208 8452 3190 2863 9031 6454 5694 8231 3609 6538 4135 5702 3162 5438 6063 9396 2935 7447 6290 8746 456 8310 4947 8721 8957 3419 5978 7326 1757 7655 6377 3063 760 2735 3534 5806 4016 6443 1934 9990 9274 8280 4086 422 5690 7564 792 2015 2163 3530 5876 7679 3535 1274 3527
67 7160 6550 9902 7199 8927 5349 9119 7987 3317 1356 9502 7063 8995 5317 5275 1864 4911 3979 8051 8424 1123 6561 1190 8906 6545 8203 7091 1632 6484 3055 7089 5932 1702 5287 890 9488 5648 1506 8521 4731 6496 8350 5220 2090 4643 4009 1053 9166 6843 2174 6571 9565 4691 1663 9606 9616 6485 7075 1483 9567 5254 3025 3363 9510 9713 4782 5787 7292 7040 1065 2003 9410 7191 5558 133 3062 8085 2581 4305 7198 4512 3288 979 2242 5752 9245 7618 3441 7555 7340 1303 984 7550 4412 5863 9835 7371 418 5376 2216 6619 6800 3105
68 6348 3787 8045 642 9844 7854 647 5418 2414 5760 4743 6251 3984 4097 8204 278 7874 8999 5582 9253 246 5273 510 5875 2974 6458 9501 7139 8196 5505 3940 5896 4312 6113 2342 2781 8562 1045 1982 8955 9866 6143 3390 759 9677 6885 1229 8679 6866 7637 4699 5947 9796 2584 9190 4674 1427 6914 8157 8722 5238 7991 9466 7668 6500 9340 322 3318 1871 1965 3574 8994 8669 5780 5007 2518 8813 631 4444 878 4252 8732 8810 5585 8903 8453 9411 562 6164 1425 9215 5560 2914 3303 306 4273
69 2419 6705 3060 7307 9133 3572 6379 5090 7833 9193 734 8755 7513 2900 9783 4011 9336 6605 7030 991 9469 9500 26 3624 3031 7033 6608 4937 9951 3077 7165 8791 1367 1586 2656 8021 7975 2215 2240 5952 8626 3701 7673 3323 5676 1143 8422 911 2760 6071 755 4048 283 2167 7981 6850 6838 9009 414 5296 8901 608 7824 3558 873 1096 451 3136 9201 7588 4157 9535 7502 4411 3707 2624 3883 5394 8621 4845 9416 122 6153 5961 6625 3319 5608 2749 1447 7599 2148 4481 5004 586 2758 9914 3576 6909 4730 3241 9110 1292 3409 93 905
70 3733 900 5324 4261 7369 2303 7442 112 954 2956 6383 9298 2103 7284 8554 2963 8033 5775 6665 4577 9208 2765 7770 9318 3942 7560 1970 983 2791 8623 8368 7829 754 3714 345 1558 747 4591 1291 6217 4251 2305 9929 6621 1174 8648 1504 2093 5087 2790 1969 212 6544 117 8457 2658 8736 6452 4061 9508 4159 9126 6783 9987 2973 82 7134 2374 5322 9037 7384 8361 6012 5219 4336 4603 772 6202 5817 9011 1835 9599 9489 5044 7678 2185 196 9049 350 7162 5998
71 4056 8311 8245 2808 1596 5758 6752 103 491 5462 4010 3302 4713 8008 509 3907 592 6055 9473 5606 9587 7663 7767 2203 8181 7315 7171 7788 8354 5353 4737 5530 2666 6578 4323 6839 8151 7406 5122 824 1127 4587 2371 4417 2990 861 7187 1113 2730 8058 802 616 8556 7481 4434 4066 6309 398 2678 9859 5797 2835 6288 3043 4878 8902 436 5173 3793 8277 9296 7763 9153 6976 1208 580 3709 2034 7111 1464 918 105 4969 4203 7100 6876 4933 6697 8659 6978 1571 462 3669 5941 2716 4123 2931 3947 2705 5610 5028 4738 7742 9405 6422
72 9434 6137 4678 92 2568 9689 3755 3365 1978 9284 1675 3276 5191 7542 1992 8031 5855 5882 1119 1079 4298 5277 6598 8062 5060 8329 5032 672 2382 1362 5541 9943 8445 7143 194 7218 5141 584 8347 4393 6163 5643 3610 8745 8528 2332 3482 121 3376 13 302 5005 5743 7943 4202 8773 7798 6396 6358 8685 3660 8934 1507 7996 603 5221 4739 6738 9937 4253 614 8489 704 4096 8484 9594 9362 7600 9650 9341 3510 454 9700 1515 4225 5663 5864 3673 1627 3306 5316 7794 5426 6864 1520 5511 8635 722 640 4067
73 3187 3504 8332 9065 3108 2348 6683 4450 6168 5187 2293 5650 9781 1255 7396 9878 5171 1020 2057 3465 2778 5567 2127 9558 5551 3097 9915 8042 7936 6650 3591 8190 1594 8894 2113 739 2043 8381 3405 9217 2563 7422 9399 3021 8102 2602 9619 6429 8804 6595 3746 5599 6212 9005 2029 6043 9363 4017 1019 770 9533 5267 9540 4161 807 4498 1245 8782 602 1117 167 1273 7719 7383 2007 3779 9401 8007 9621 9837 2418 1828 2800 7654 70 5242 1975 1266 3896 6074 845 1876 1500 5987 9521 8223 9057 3761 8315 7734 9432 1568 3395 1422 9073 5928 7878 4271 3851
74 5898 6096 5124 822 5885 8709 2252 1525 8825 3142 6052 832 9846 3614 1903 8439 576 4320 1749 7028 4240 8218 9779 5159 7057 1981 6120 2311 7940 9044 6177 5591 3555 2098 5957 7947 903 2551 4776 8195 8706 8239 3533 5889 1848 9368 3723 7999 1100 533 8048 8988 4915 3625 3849 1272 9745 3931 8036 6300 8200 8415 9889 9888 7485 9177 7700 1788 7830 5788 8770 5722 2139 6513 5657 529 7135 952 7399 9229 308 4965 9692 2867 6099 2751 3887 7400 9004 1698 8795 8832 9936
75 6733 5286 8921 7631 5126 3067 7776 6041 8655 854 7667 9718 7476 9343 5253 1815 9417 882 1083 1458 5178 2948 3996 9658 3876 9125 5251 2456 5890 4842 715 7280 2670 9161 4374 2936 5532 1247 2081 9172 6214 4680 1514 1622 1993 5042 4570 5798 3139 8183 5016 4843 7859 6080 7334 3214 4062 6320 2593 920 9784 129 9772 1853 8141 4844 8135 2316 2876 364 8171 6761 515 4658 6899 3231 3485 5727 6991 2717 5323 3341 5194 2415 4340 7812 7554 913 2689 9684 4404 6205 9460 7142 6962 6305 2796 8219 7580 9076 7148 3959
76 4828 8291 4326 3334 3335 175 3175 649 239 8593 8819 8754 3904 9685 8357 3586 3655 9797 6391 7709 3104 3126 1790 6116 5340 8298 1572 2558 9043 9176 8646 3450 7835 5709 7133 3756 5927 3210 6950 6382 565 5172 3386 6324 8057 8938 305 1728 8131 4830 4552 2951 9991 3870 3698 2797 3785 661 6558 6528 3263 1238 7876 9525 2752 737 961 2667 1293 9885 3212 2151 7113 5611 2820 2545 8530 5667 189 9457 3439 5666 1029 7254 2591 9716 3749 5314 6803 1996 6464 1282 7299 8367 3601 1962 5970 2458 5411 8235 8225 1772
77 3324 315 4082 4879 3447 6965 1275 1007 6067 3373 8351 3998 8154 7508 318 2647 5291 4443 403 4291 1404 7697 5759 2839 6612 3715 2005 5311 7708 3626 2860 7790 3056 4799 3544 9582 9186 228 7898 5097 3835 2725 2248 2367 8761 6791 2586 7571 6562 8660 5956 3526 4191 5337 6535 7864 455 5228 7357 5589 6767 57 4656 7892 2853 2538 7526 3794 4886 3966 2183 3003 4906 5958 2724 336 8630 9597 4829 2972 3449 3997 532 3541 8627 6845 446 1763 6672 1370 2320 8992 6060 5731 9430 8549 3647 7385 9096 251 8035 4148 1703 948 5345 5422 3570
78 8923 3900 2943 5714 729 3699 5449 5986 5677 160 8883 8650 1166 967 572 8498 9979 8264 9555 2100 8247 8004 1478 5179 6675 1185 7657 3001 4108 2032 2485 3919 8930 6193 4815 4761 4885 4889 7852 3418 6750 351 2346 9887 6011 8890 1475 8789 919 8860 7386 1532 6185 6724 3981 4395 3990 2926 5538 5740 5792 1111 7858 9538 8078 9118 5881 7035 8106 895 8138 4941 2024 9743 3734 1753 332 9303 2845 7796 3478 3332 7682 2726 4955 2644 1017 9676 5612 417 1147 6873 790 5741 1994 3269 5842 9480 2375
79 5704 1186 9061 9345 7826 3326 910 2200 7907 7869 5236 4121 1697 8979 5966 9307 7304 3521 8301 2222 1310 5401 4609 2218 7483 141 7506 6648 3163 2393 8488 1914 7617 4359 8887 6704 3184 5771 235 6565 8714 9422 7998 7258 4307 3675 4397 7575 6934 3540 6626 7581 1115 7512 2422 8800 7176 5276 8895 4746 9522 719 3493 8573 2235 2650 9224 4012 1384 5442 8006 9935 7721 9194 8076 4630 7184 6195 8707 5931 3903 2675 8705 7450 7088 159 3975 687 3080 4438 8079 538 7468 3547 365
80 2631 1956 1615 9518 7797 5770 9742 9818 5245 4115 8817 9304 7510 6769 3352 2445 8314 3814 6555 1482 7804 8536 1822 3971 3666 1443 4163 9618 7491 1607 7873 4384 7589 7183 2284 9959 2739 4316 7319 7786 37 9607 7751 4281 9982 2372 5866 3801 9496 7828 6698 3343 6127 6647 4156 6546 5716 1167 5592 1619 2714 1644 7417 4806 5578 7762 1012 1662 6019 2890 3994 7688 2084 3508 3684 7474 3382 7732 6340 2433 7766 3398 6436 4619 6291 1016 4496 2571 8518 1215 6793 4888 9415 5785 3165 4287 2534 3710 1792 3767 217 4665
81 8886 3850 5039 7393 1557 8622 1711 4152 9171 9203 5400 4790 8074 7153 4455 1575 5917 4413 9666 459 5534 1145 6887 2368 769 9350 9682 1626 3688 5691 6772 5559 9192 2496 3109 8632 8182 8121 7868 5686 7407 6551 5604 8059 8867 5515 1676 7531 1925 4469 3789 438 9249 3953 5816 6536 5831 2455 2662 102 7067 86 3338 7373 3228 2386 5744 4522 3490 9539 5615 5123 7329 8680 8907 6938 131 7002 4511 9024 2557 6801 4099 2067 9150 3305 3424 4961 5479 6502 536 4155 1160 5979 7461 9477 1837
82 4102 9204 2564 7130 8555 2634 2096 6607 8285 1451 2911 5754 5818 7544 4541 4703 6148 4485 8750 7279 3468 7877 9195 5527 4720 5621 3298 5049 8882 7330 4478 3430 8509 1154 2431 5295 2834 4950 3339 8790 407 2854 591 22 9668 9693 4122 3266 3034 3166 9315 4321 1567 1750 6576 707 4267 685 4042 9272 7429 3273 2543 2341 7823 6447 9643 7335 3680 6642 7149 7077 6473 4981 9124 3580 7259 226 9896 2613 4803 9236 7109 5076 2949 9660 5138 3629 2437 746 4409 5417 9635 7014 6417 9064 1783
83 7414 5548 7529 5745 1655 6940 3024 1372 4440 7889 7624 1491 5364 1324 1833 6716 6036 5244 9339 7282 1429 5478 8319 2442 956 8718 3294 6708 8109 5058 7092 9590 7805 8852 5303 2277 49 1937 1268 3738 4666 5000 2684 3837 8148 4573 2523 5201 9180 6316 4614 9374 7247 3020 5395 2833 9000 3505 4436 5574 9235 4167 5675 9123 4403 1686 415 3422 697 4257 7066 309 4285 5717 996 9651 2506 3659 9418 4505 6154 3523 540 7944 7211 6875 5729 7779 3559 4426 6333 1940 7277 6456 9526 9626 3820 5799 2980 1149 4077 3291
84 1253 317 9134 1696 2452 8211 4183 3567 5169 3224 2490 4744 5542 7038 4495 4644 6765 3602 3048 1237 6480 5474 487 4349 9996 7221 8743 7636 3781 1538 9532 5378 3832 206 6222 4021 9436 4855 8322 9984 1780 6863 9703 6849 2020 5622 5629 8830 9592 9910 5185 3329 6265 2880 5834 3795 1944 5271 9882 5724 4467 9022 1905 3279 8197 6226 2850 3268 8483 8859 5385 3909 3913 2073 9164 3278 6637 5192 7240 6252 9855 662 8149 9560 3285 6248 8257 4960 7891 6233 6954 849 7236 4825 593 1502 2261 1773
85 1971 5960 2877 7321 5266 3736 1201 2331 6499 2472 875 8596 2881 6166 4185 6806 8758 2112 9793 3149 2351 9758 3154 6243 2122 9832 2635 4402 9102 9183 4951 2070 3948 8049 8116 2619 9442 2882 5386 2695 9834 1910 7395 9409 9055 7539 4027 5177 748 6570 2405 4897 1642 7440 2394 5930 6424 3969 1104 4820 1474 4752 7411 9359 775 9646 7078 7389 1066 9663 8159 5098 9090 8740 3143 1421 6469 1636 4228 5510 2592 3311 2710 6606 3652 7173 8052 1665 6542 5313 2481 9803 2761 5923 5500 7378 9696 4190 3804 2002 2919 5104 4797 9707 3413 7675 431 8417 6830 6201 3127 1842
86 2915 4286 1771 8369 1486 3775 683 223 6653 4750 375 7480 1986 1830 6173 1760 5209 2934 1348 4794 9608 1612 4282 2072 125 899 8916 2493 5410 3331 9152 1124 4989 9352 5224 9634 6966 2004 6929 1733 6034 5730 7031 6566 9206 4441 966 8387 1573 6415 4990 4873 1726 6432 8240 9486 7478 8436 139 2804 6515 4171 5248 6129 1509 7110 907 7128 9811 4255 2913 6514 2510 6058 1116 7039 9058 5669 5739 5260 5489 7983 1373 2130 2596 1501 6824 2769 8071 7582 2192 8097 2296 273 9105 8276 5991 4126 5096 6594 1461 4983 1018
87 9673 7026 1547 2743 8644 8466 1375 5791 6762 5134 2942 3791 5326 6267 2501 751 1006 5794 2767 8908 4625 6717 2709 4664 4309 2766 689 4376 9815 2762 1533 4998 7707 508 2984 5508 1776 4726 4170 8848 5871 7287 506 8738 8209 8604 5033 6189 2050 1448 5362 1989 5840 8162 4600 5513 2823 181 4373 1599 3026 9989 3721 6334 3069 681 3211 9827 4059 582 5428 1968 5929 7487 9452 434 8834 7169 4472 2637 7200 3546 9672 1530 5391 248 5645 1580 1798 5482 7608 4635 2649 5531 7203 2259 8522 5268 7059 1069
88 3628 3068 8193 5660 6734 1353 4213 4780 4874 4558 5189 8023 9230 8581 5623 465 8657 8747 6654 6790 3678 5632 6207 3537 3093 9397 9444 1026 5086 5473 963 4451 2744 5216 2612 8397 8259 811 7521 6959 7753 3788 2894 4149 1441 4833 4415 152 3642 6192 5412 5576 1887 6926 8095 1654 943 3668 6748 4672 5980 6017 39 5789 4132 8617 976 5204 6490 7250 1875 5315 7643 5858 7220 6115 5626 3135 8524 3879 326 4494 6628 1592 3899 5718 6325 7699 5566 4453 4676 2873 3085 8120
89 3131 7778 7520 5628 3945 8336 5302 1766 3264 1121 382 1231 7650 7052 2391 9001 1071 799 8636 2517 4851 114 6770 7286 1159 1368 2884 7341 5886 7720 7848 2379 9808 9337 3088 5472 5145 8525 198 7249 4100 3617 9170 1716 2135 338 9237 6758 2774 3884 8320 4870 4063 9741 7381 6065 2428 4057 7351 7155 2783 4493 4588 5231 7068 8802 5200 570 3434 2893 7043 6656 9736 1308 8413 7027 6073 3944 8309 7217 457 2629 250 3170 8631 225 4458 4365 8187 8096 7857 8517 1846 2849 8228 9251 1290 7080
90 7209 1415 3880 6933 9342 2039 9993 1484 9483 8568 6509 7372 6021 3943 1724 2231 7583 6376 2883 3824 8896 4375 71 3453 7918 4771 9891 2567 1818 1355 6420 2527 9063 4613 5279 5639 5166 3518 8469 7018 944 2450 4694 8446 1235 9956 1432 5360 8531 3397 7401 4407 6412 7308 5131 7229 6719 8136 5672 2199 8801 7361 6232 1179 8246 7771 5546 3437 6002 7964 9267 1267 1452 8490 2473 3232 3805 3862 2035 5370 8119 3407 7951 4931 3980 3421 5259 3740 9872 2838 2575 5981 8543 6053 4997 7693 828 9199 5598 530 9612 5693 4300 7367 892 9012 482 9614 5597 2736 4869 594 5769
91 9042 7126 9737 4439 6861 5091 5029 7919 2182 3417 7055 9874 2938 275 6591 4378 5827 8215 5381 1535 8592 4134 2960 4924 1650 2549 6713 9222 7955 367 1984 6435 286 3941 3 4582 9948 6374 3188 1988 6988 7662 5926 4049 4303 7791 1950 1005 3565 5492 442 6841 3916 8873 6720 3750 3703 1212 9574 764 6282 6823 3207 541 3233 337 7573 3960 4718 9456 1548 3866 5888 7021 1157 4119 1560 4819 3692 9822 8565 304 8212 7736 475 4707 2923 5762 5290 2056 7644 3695 5307 5239 9429 5355 9351
92 8284 2432 5352 2164 8327 8681 7801 5272 9250 8777 8535 9901 2691 2529 9729 5383 1344 5018 5491 4051 5655 3347 6123 8629 4712 1424 7651 2977 9413 9564 2480 9961 5719 2840 8949 6141 870 2660 4914 4492 6972 1110 1487 5519 8869 8647 4921 4628 3308 8991 5748 9281 7298 756 9233 5367 1659 3463 2531 6077 7108 3653 2211 2940 2505 6453 5218 7694 9654 8836 6685 7375 6751 1288 2065 8040 5321 3592 9873 1508 3983 8194 6038 3912 8516 8069 5989 6027 1401 2995 2697 2998 595 8034 9674 8143 3891 2117
93 5048 1198 6957 6915 2507 5055 2329 6655 2030 8460 4702 7865 3369 7099 7939 8602 3199 9472 3271 7749 2457 6450 9904 630 8699 7505 830 3930 1933 6757 420 8251 1740 5448 303 8465 5132 4073 2095 6901 7178 8768 8727 5470 6917 3432 339 4895 1420 7839 9995 6982 5008 1551 447 4572 9098 8805 4221 3370 9045 1942 4589 6631 9301 452 7774 386 6673 5144 8687 6727 3538 7441 7960 9294 6524 3598 1446 7938 765 7325 3532 7010 1860 3018 2959 9347 6671 9637 5933 4598 5507 4816 8114 3129 7331 1720 9947 1747 990
94 9056 2082 6262 1885 7586 7664 4169 4068 3404 6859 9971 5749 134 9940 1972 8996 7997 7439 9390 8547 8971 6459 5935 7626 6834 6817 8382 9523 4138 8248 7724 1954 7189 3096 2569 5653 6132 9809 4482 4805 6842 8444 2094 7083 3216 8025 9344 1175 4892 3764 427 9386 6903 5720 4620 1820 6880 381 701 4509 8724 1556 4896 4474 4834 3515 7661 6754 1319 5424 6539 8587 3357 724 8104 3284 4116 7302 542 7782 3473 84 8407 2759 8398 1277 5570 1439 2398 752 7680 3663 3141
95 1340 6403 735 9648 1952 1746 6636 3217 7783 5232 6126 9198 8551 7989 5217 2859 8878 6833 6572 9209 3459 4861 5452 6603 3685 444 7587 4918 1781 1866 1948 2335 5054 7102 29 4268 3145 8606 7846 7713 519 1834 3585 1715 7344 450 9903 6213 411 2006 1376 3157 8729 1935 4223 2801 4838 6085 3121 8308 7900 1684 6853 8032 8470 6254 6108 2696 5282 5440 945 1400 1682 4880 1296 7132 3243 2748 4004 4939 1076 2633 58 6139 1060 6136 5336 2627 5040 8160 8343 4958 1337 197
96 3377 5333 5919 4151 4297 8533 2955 1040 7816 7552 6211 3846 7522 8334 9918 7844 1831 4894 4339 2952 5335 9933 9631 6387 8884 5776 4106 1499 2171 5119 2466 5641 9775 3248 7497 1832 5047 4101 8925 731 2257 6776 5904 8583 5011 7323 3296 7492 1394 796 4381 1412 1164 9047 6030 383 5457 6741 101 8505 3664 8541 3280 9524 264 9465 2076 6045 7223 2383 324 5330 4984 7954 1389 6596 4371 3488 9433 8440 4217 503 132 8990 581 4611 3101 8227 5113 7990 8295 9678 2334 6015
97 1072 361 8658 2069 7729 5945 7392 5009 4456 3474 6475 6357 1814 3492 3246 4779 4248 2707 4188 5822 2162 9205 9908 1498 8355 7738 2063 8589 2701 1395 7970 7927 1241 9163 9963 7862 8692 9789 4244 6730 3597 6253 2141 2694 7246 9569 928 2994 8741 9146 6633 5934 4129 3633 8380 7394 5198 3712 146 6489 1699 1462 1690 953 9883 2001 4230 4306 2692 6088 1095 684 6146 4982 3713 6223 9033 8715 543 2390 8504 3309 7690 2137 5262 8935 9589 577 7044 5964 611 6756 5147 814 378 7270 1350 5602 9593 6270 9799 1845 8111 660
98 5768 1977 5135 884 405 8479 7621 5184 6181 5879 1614 5477 588 3040 4470 5756 2504 3816 5003 3551 2126 5320 8070 9276 7062 3287 8985 7528 1521 1312 6679 4044 5443 3497 5380 6419 4985 4846 7013 6087 150 7905 6687 2870 3822 1712 5549 6498 4729 3772 9095 2339 7275 1735 2618 1705 7711 4944 1631 9234 9836 3387 2930 4452 8831 938 172 1374 4650 6540 5535 4996 7696 2540 4486 3604 136 1184 7224 3225 3092 6246 6308 6970 2509 2533 1418 7604 6688 9375 5022 8640 472 7056 1369 64 2209 1585 6395 2287 2064 3015 1440 8598 2975 5234 6418 2852 1230 9054 2968
99 9142 5773 5469 8744 7179 222 2439 624 7470 9084 8459 1756 5312 5229 8371 4692 678 3952 8696 5774 7860 7606 2819 8926 3957 466 5587 5975 2071 8716 2219 6482 528 8978 9109 3014 4222 2085 7482 1027 942 1325 7025 1973 9221 279 5439 441 5088 8775 7232 1122 6293 2680 179 5186 4110 2314 644 9398 3250 3976 2128 2250 1926 3103 7257 3722 7646 174 7926 4762 8213 1148 5397 142 9053 1256 60 9633 9013 2899 6511 2978 240 6918 9512 5946 7316 128 1691 6942 1073 7188 9898 2008 8161 9006
